0		0,225115894
1		0,19762378
2		0,129430392
3		0,020004628
4		-0,131553527
5		-0,326537544
6		-0,566649641
7		-0,85402176
8		-1,191242303
9		-1,581388552
10		-2,028064158
11		-2,535440023
12		-3,108294873
13		-3,752047961
14		-4,47276933
15		-5,277140321
16		-6,17231423
17		-7,16558719
18		-8,263722571
19		-9,471670381
20		-10,79030205
21		-12,21275559
22		-13,71946003
23		-15,2738322
24		-16,82501264
25		-18,32826736
26		-19,78665442
27		-21,29263378
28		-23,03006711
29		-25,15949805
30		-27,09133931
31		-26,13516826
32		-22,5138804
33		-18,91634314
34		-15,92274158
35		-13,45620803
36		-11,40186129
37		-9,676024019
38		-8,221678621
39		-7,000041562
40		-5,984240608
41		-5,155581006
42		-4,501256042
43		-4,012196289
44		-3,682811454
45		-3,509256461
46		-3,488426704
47		-3,616183062
48		-3,884368618
49		-4,275642505
50		-4,755028131
51		-5,25843663
52		-5,684002817
53		-5,905794831
54		-5,824185206
55		-5,4304844
56		-4,813890713
57		-4,102476143
58		-3,405479226
59		-2,794359682
60		-2,309287606
61		-1,968504441
62		-1,779739517
63		-1,742723531
64		-1,851384124
65		-2,093129507
66		-2,446187924
67		-2,875502352
68		-3,329380281
69		-3,737942277
70		-4,02859695
71		-4,148110492
72		-4,088358386
73		-3,889945203
74		-3,62079404
75		-3,348978937
76		-3,127186718
77		-2,987859347
78		-2,947700848
79		-3,010037491
80		-3,167619661
81		-3,403744707
82		-3,692645645
83		-4,001254847
84		-4,28872418
85		-4,517870847
86		-4,660625697
87		-4,707052119
88		-4,667664012
89		-4,568354047
90		-4,441000768
91		-4,315136884
92		-4,211826376
93		-4,141185132
94		-4,101205101
95		-4,077488881
96		-4,044220636
97		-3,967847878
98		-3,815711674
99		-3,564777297
100		-3,214545593
101		-2,787481219
102		-2,322767573
103		-1,865488774
104		-1,457639783
105		-1,133355637
106		-0,91835798
107		-0,829575865
108		-0,875593854
109		-1,054736527
110		-1,350119718
111		-1,720530555
112		-2,088770863
113		-2,337754826
114		-2,338834211
115		-2,016351552
116		-1,403309148
117		-0,616953346
118		0,212221356
119		0,985871897
120		1,643602824
121		2,151164901
122		2,490916868
123		2,650283765
124		2,618557741
125		2,383134291
126		1,927196002
127		1,228168294
128		0,258145291
129		-1,007631565
130		-2,554867563
131		-4,195214352
132		-5,282490315
133		-4,922340574
134		-3,306924911
135		-1,367313612
136		0,406406799
137		1,900833104
138		3,123398283
139		4,105807576
140		4,878957123
141		5,467367144
142		5,889446271
143		6,158342032
144		6,282858882
145		6,268082822
146		6,11589476
147		5,82524117
148		5,392469249
149		4,811990182
150		4,078034136
151		3,18933154
152		2,161313233
153		1,053278499
154		0,023231515
155		-0,626711349
156		-0,565143009
157		0,249543069
158		1,521044433
159		2,928301067
160		4,291608299
161		5,541849248
162		6,663083786
163		7,660029672
164		8,543944641
165		9,327130807
166		10,02099319
167		10,63549038
168		11,1791048
169		11,65898669
170		12,08113815
171		12,45058784
172		12,7715413
173		13,04750449
174		13,28138312
175		13,47556117
176		13,63196235
177		13,75209738
178		13,83709958
179		13,8877505
180		13,90449992
181		13,88746912
182		13,83645453
183		13,7509269
184		13,63001649
185		13,47249259
186		13,27673365
187		13,04068654
188		12,76181244
189		12,43701638
190		12,06255617
191		11,63392571
192		11,14570656
193		10,59138164
194		9,963107672
195		9,251453145
196		8,445139468
197		7,530907402
198		6,493858158
199		5,3192271
200		3,998162046
201		2,544104288
202		1,034054847
203		-0,312483441
204		-1,091961027
205		-0,972115633
206		-0,094773371
207		1,108621996
208		2,322967201
209		3,411960806
210		4,335681107
211		5,090618293
212		5,684630402
213		6,127145773
214		6,425875788
215		6,585812349
216		6,608975916
217		6,49434234
218		6,2376844
219		5,831337519
220		5,263731044
221		4,518850305
222		3,576047351
223		2,410723301
224		1,001651655
225		-0,643627216
226		-2,40569469
227		-3,867211838
228		-4,295904799
229		-3,471621516
230		-2,049625077
231		-0,623657693
232		0,582317753
233		1,524945339
234		2,214386227
235		2,671408459
236		2,915189085
237		2,960989287
238		2,820794
239		2,50513202
240		2,026506497
241		1,401748835
242		0,663022179
243		-0,134497304
244		-0,902002117
245		-1,520734724
246		-1,878529686
247		-1,932032081
248		-1,737190965
249		-1,407658573
250		-1,056876154
251		-0,764313777
252		-0,574998649
253		-0,509121802
254		-0,570814846
255		-0,753367745
256		-1,041436844
257		-1,411384797
258		-1,831296559
259		-2,261925153
260		-2,660815959
261		-2,990279167
262		-3,227274234
263		-3,369818928
264		-3,437242423
265		-3,459613882
266		-3,469201133
267		-3,491965947
268		-3,543456376
269		-3,62745054
270		-3,736018384
271		-3,85062391
272		-3,944292867
273		-3,987451412
274		-3,955317003
275		-3,836673393
276		-3,638986632
277		-3,386964727
278		-3,114790394
279		-2,860868093
280		-2,657058848
281		-2,528533683
282		-2,491794418
283		-2,554099785
284		-2,712310698
285		-2,950379666
286		-3,236669878
287		-3,520733147
288		-3,737527949
289		-3,822213493
290		-3,735482799
291		-3,483819977
292		-3,116919941
293		-2,704064176
294		-2,313462934
295		-1,996343373
296		-1,788198469
297		-1,711599219
298		-1,780079206
299		-2,000744001
300		-2,375024697
301		-2,896763256
302		-3,54894362
303		-4,292948171
304		-5,057556822
305		-5,730597816
306		-6,176471005
307		-6,297087986
308		-6,098349567
309		-5,685164603
310		-5,191547846
311		-4,724635041
312		-4,350987731
313		-4,10638318
314		-4,008339644
315		-4,0651073
316		-4,281060465
317		-4,659770463
318		-5,205825776
319		-5,925775196
320		-6,8303158
321		-7,934040034
322		-9,258109457
323		-10,83263534
324		-12,70068563
325		-14,92602691
326		-17,60463456
327		-20,88692769
328		-25,00483302
329		-30,15316565
330		-34,66014108
331		-34,06281439
332		-31,89884317
333		-29,65849925
334		-26,76832327
335		-23,50008202
336		-20,37853755
337		-17,61407874
338		-15,21997452
339		-13,1515852
340		-11,35762974
341		-9,793459327
342		-8,42285291
343		-7,216934312
344		-6,1526625
345		-5,21151288
346		-4,378447749
347		-3,641141048
348		-2,989400211
349		-2,414734517
350		-1,91003096
351		-1,469309079
352		-1,087534106
353		-0,760473625
354		-0,484587029
355		-0,256940021
356		-0,075138493
357		0,062722381
358		0,158096888
359		0,212017596
0		0,225115894
